# Acquisition time: 19.10.2017 17:28:14
# Timer interval: 1000 ms
# Measurement length: 100 s
# Add comment here
# Time [ms] Channel 1 Channel 2 Channel 3
1014	5336	7702	4
1014	5504	7635	6
1014	5595	7770	3
1014	5558	7758	9
1014	5508	7866	5
1014	5521	7600	4
1014	5429	7752	10
1014	5327	7821	11
1014	5460	7698	4
1014	5365	7778	3
1014	5423	7759	9
1014	5297	7670	11
1014	5560	7765	6
1014	5487	7732	8
1014	5471	7648	14
1014	5406	7808	5
1014	5522	7766	7
1014	5412	7659	4
1014	5389	7698	7
1014	5315	7565	7
1014	5387	7758	8
1014	5490	7638	6
1014	5589	7701	5
1014	5483	7750	11
1014	5401	7652	4
1014	5449	7645	4
1014	5478	7691	6
1014	5615	7758	9
1014	5422	7463	3
1014	5328	7849	8
1014	5610	7689	8
1014	5470	7674	10
1014	5524	7578	7
1014	5438	7695	3
1014	5491	7733	3
1014	5384	7624	10
1014	5390	7631	4
1014	5348	7585	4
1014	5330	7801	8
1014	5397	7772	7
1014	5437	7700	10
1014	5285	7730	3
1014	5430	7596	10
1014	5369	7655	4
1014	5381	7768	6
1014	5364	7724	7
1014	5245	7527	11
1014	5529	7678	3
1014	5471	7882	4
1014	5422	7726	4
1014	5337	7611	4
1014	5272	7805	6
1014	5477	7748	6
1014	5388	7756	8
1014	5357	7760	3
1014	5486	7749	5
1014	5494	7701	5
1014	5488	7730	4
1014	5544	7722	6
1014	5470	7785	6
1014	5366	7687	5
1014	5302	7692	4
1014	5526	7691	5
1014	5517	7690	9
1014	5437	7613	3
1014	5430	7797	5
1014	5419	7818	11
1014	5413	7745	4
1014	5568	7663	2
1014	5416	7774	4
1014	5326	7755	5
1014	5391	7763	8
1014	5403	7791	2
1014	5387	7717	8
1014	5555	7599	7
1014	5492	7539	2
1014	5623	7656	6
1014	5370	7637	4
1014	5506	7575	5
1014	5427	7729	0
1014	5454	7523	4
1014	5511	7685	3
1014	5473	7596	4
1014	5404	7731	3
1014	5528	7727	11
1014	5494	7754	5
1014	5358	7720	8
1014	5455	7730	1
1014	5406	7742	2
1014	5431	7708	5
1014	5443	7531	5
1014	5325	7661	6
1014	5426	7746	5
1014	5482	7622	4
1014	5436	7658	5
1014	5516	7714	7
1014	5413	7736	4
1014	5533	7564	3
1014	5405	7635	4
1014	5493	7895	5
