# Acquisition time: 19.10.2017 17:14:29
# Timer interval: 1000 ms
# Measurement length: 100 s
# Add comment here
# Time [ms] Channel 1 Channel 2 Channel 3
1014	4267	8224	6
1014	4336	8287	5
1014	4331	8364	4
1014	4458	8319	9
1014	4371	8415	8
1014	4349	8233	9
1014	4381	8288	6
1014	4384	8265	7
1014	4345	8363	7
1014	4293	8192	9
1014	4234	8384	7
1014	4408	8531	4
1014	4290	8328	1
1014	4289	8215	12
1014	4251	8350	12
1014	4393	8356	7
1014	4253	8179	7
1014	4271	8291	7
1014	4293	8478	7
1014	4338	8115	7
1014	4440	8243	12
1014	4399	8433	6
1014	4426	8369	7
1014	4475	8304	15
1014	4280	8228	5
1014	4427	8239	8
1014	4378	8459	4
1014	4323	8236	7
1014	4489	8397	9
1014	4553	8327	6
1014	4401	8351	11
1015	4398	8332	13
1014	4436	8423	10
1014	4419	8227	8
1014	4435	8460	9
1014	4245	8116	9
1014	4339	8198	8
1014	4411	8403	10
1014	4273	8107	6
1014	4399	8284	4
1014	4302	8311	3
1014	4398	8354	7
1014	4401	8139	11
1014	4302	8209	7
1014	4402	8196	12
1014	4511	8309	12
1014	4376	8363	8
1014	4423	8222	5
1014	4374	8358	9
1014	4401	8380	6
1014	4323	8335	6
1014	4377	8328	3
1014	4313	8326	13
1014	4295	8324	4
1014	4446	8333	11
1014	4449	8251	6
1014	4316	8319	6
1014	4439	8270	10
1014	4344	8333	10
1014	4304	8216	6
1014	4344	8218	6
1014	4472	8116	4
1014	4321	8192	4
1014	4470	8269	9
1014	4291	8355	4
1014	4362	8116	7
1014	4340	8287	12
1014	4462	8099	9
1014	4236	8228	6
1014	4330	8276	9
1014	4315	8302	10
1014	4358	8362	7
1014	4451	8318	8
1014	4419	8449	8
1014	4403	8364	11
1014	4462	8251	5
1014	4415	8312	8
1014	4537	8375	7
1014	4375	8269	9
1014	4453	8373	4
1014	4345	8305	2
1014	4366	8340	3
1014	4399	8648	6
1014	4441	8420	7
1014	4449	8367	6
1014	4283	8359	8
1014	4344	8457	10
1014	4426	8346	4
1014	4389	8341	5
1014	4267	8135	7
1014	4446	8284	6
1014	4456	8439	7
1014	4319	8346	12
1014	4434	8319	8
1014	4395	8284	2
1014	4343	8224	8
1014	4210	8474	5
1014	4418	8532	8
1014	4364	8512	10
1014	4293	8153	8
