# Acquisition time: 19.10.2017 16:52:09
# Timer interval: 1000 ms
# Measurement length: 100 s
# Add comment here
# Time [ms] Channel 1 Channel 2 Channel 3
1014	6277	7420	12
1014	6382	7567	20
1014	6452	7545	20
1014	6444	7574	19
1014	6446	7454	17
1014	6345	7385	14
1014	6354	7528	10
1014	6590	7441	15
1014	6453	7642	15
1014	6473	7513	16
1014	6448	7485	16
1014	6510	7400	17
1014	6438	7492	18
1014	6332	7554	29
1014	6463	7691	15
1014	6513	7730	17
1014	6436	7422	22
1014	6473	7690	20
1014	6394	7467	20
1014	6428	7490	15
1014	6427	7394	9
1014	6353	7522	13
1014	6145	7631	19
1014	6414	7662	13
1014	6483	7585	23
1014	6389	7306	12
1014	6552	7604	16
1014	6265	7452	16
1014	6439	7485	17
1014	6323	7562	18
1014	6602	7589	24
1014	6427	7594	24
1014	6424	7385	17
1014	6519	7496	19
1014	6366	7565	15
1014	6568	7476	14
1014	6371	7653	20
1014	6615	7588	21
1014	6394	7493	15
1014	6295	7347	14
1014	6379	7419	28
1014	6359	7504	14
1014	6411	7499	23
1014	6590	7448	21
1014	6381	7352	11
1014	6340	7471	16
1014	6432	7582	22
1014	6516	7493	12
1014	6521	7527	13
1014	6485	7354	31
1014	6395	7437	18
1014	6431	7485	20
1014	6433	7477	11
1014	6444	7468	14
1014	6452	7476	13
1014	6568	7343	17
1014	6549	7415	22
1014	6476	7607	24
1014	6413	7465	17
1014	6519	7597	17
1014	6471	7522	14
1014	6463	7572	14
1014	6419	7485	18
1014	6437	7483	19
1014	6457	7491	12
1015	6327	7388	23
1014	6496	7602	14
1014	6409	7498	13
1014	6505	7512	19
1014	6476	7510	20
1014	6397	7436	22
1014	6474	7409	26
1014	6434	7496	22
1014	6551	7530	21
1014	6486	7537	18
1014	6471	7491	21
1014	6400	7455	20
1014	6393	7357	12
1014	6517	7386	10
1014	6409	7740	19
1014	6447	7339	12
1014	6404	7360	19
1014	6386	7508	23
1014	6397	7495	13
1014	6382	7332	15
1014	6281	7516	25
1014	6407	7426	14
1014	6488	7525	17
1014	6448	7411	23
1014	6369	7597	12
1014	6586	7583	21
1014	6384	7574	25
1014	6474	7580	15
1014	6476	7588	13
1014	6403	7575	17
1014	6405	7254	14
1014	6470	7521	23
1014	6471	7742	16
1014	6536	7483	18
1014	6532	7458	21
