# Acquisition time: 19.10.2017 17:20:41
# Timer interval: 1000 ms
# Measurement length: 100 s
# Add comment here
# Time [ms] Channel 1 Channel 2 Channel 3
1014	4367	7480	1
1014	4329	7480	1
1014	4334	7553	3
1014	4349	7459	5
1014	4442	7409	2
1014	4390	7389	0
1014	4358	7525	2
1014	4311	7342	1
1014	4291	7385	1
1014	4343	7660	1
1014	4438	7540	1
1014	4436	7421	2
1014	4399	7556	4
1014	4418	7631	0
1014	4408	7427	2
1014	4419	7482	2
1014	4437	7663	0
1014	4333	7558	0
1014	4457	7834	1
1014	4277	7564	2
1014	4359	7420	1
1014	4268	7451	0
1014	4361	7525	1
1014	4287	7580	2
1014	4332	7728	3
1014	4411	7634	1
1014	4369	7520	3
1014	4228	7587	1
1014	4360	7574	1
1014	4284	7502	2
1014	4284	7576	3
1014	4387	7569	2
1014	4368	7401	1
1014	4282	7462	1
1014	4447	7545	0
1014	4432	7556	1
1014	4319	7581	1
1014	4306	7471	3
1014	4398	7429	0
1014	4266	7390	2
1014	4438	7499	0
1014	4368	7598	0
1014	4453	7413	0
1014	4363	7410	1
1014	4371	7553	2
1014	4361	7418	1
1014	4422	7524	3
1014	4365	7359	0
1014	4383	7447	1
1014	4435	7352	0
1014	4452	7609	2
1014	4398	7557	2
1014	4505	7587	1
1014	4364	7445	1
1014	4361	7570	1
1014	4402	7528	1
1014	4298	7457	1
1014	4444	7463	0
1014	4433	7560	1
1014	4477	7714	1
1014	4403	7531	0
1014	4413	7416	1
1014	4272	7694	2
1014	4384	7437	4
1014	4275	7494	0
1014	4438	7611	2
1014	4349	7691	0
1014	4255	7433	1
1014	4401	7534	1
1014	4497	7442	0
1014	4503	7610	0
1014	4314	7641	1
1014	4403	7751	1
1014	4376	7557	1
1014	4358	7481	2
1014	4310	7605	3
1014	4367	7521	2
1014	4354	7453	2
1014	4351	7680	0
1014	4393	7514	1
1014	4337	7623	5
1014	4302	7354	2
1014	4311	7619	2
1014	4353	7738	2
1014	4403	7525	3
1014	4389	7412	2
1014	4346	7443	2
1014	4346	7564	2
1014	4487	7635	2
1014	4357	7492	1
1014	4350	7521	1
1014	4327	7733	1
1014	4344	7558	1
1014	4388	7661	2
1014	4350	7616	2
1014	4366	7626	1
1014	4327	7548	1
1014	4275	7632	0
1014	4400	7580	1
1014	4334	7758	1
