# Acquisition time: 19.10.2017 17:11:55
# Timer interval: 1000 ms
# Measurement length: 100 s
# Add comment here
# Time [ms] Channel 1 Channel 2 Channel 3
1014	4425	6808	8
1014	4340	6901	10
1014	4446	6771	7
1014	4411	6793	8
1014	4456	6827	6
1014	4426	6810	3
1014	4383	6931	11
1014	4327	6866	6
1014	4343	6874	5
1014	4425	6914	7
1014	4406	6878	8
1014	4385	6840	6
1014	4449	6901	8
1014	4260	6888	6
1014	4493	6929	5
1014	4471	6947	5
1014	4451	6797	8
1014	4403	6973	10
1014	4478	6885	8
1014	4406	6894	15
1014	4391	6835	3
1014	4460	6767	5
1014	4331	6994	5
1014	4465	7033	5
1014	4443	6760	7
1014	4323	6972	6
1015	4389	6869	5
1014	4316	6857	7
1014	4389	6753	5
1014	4300	6775	7
1014	4350	6825	6
1014	4396	6892	6
1014	4352	6913	4
1014	4283	6785	5
1014	4496	6832	4
1014	4481	6933	2
1014	4351	6822	4
1014	4316	6984	10
1014	4496	6908	5
1014	4577	6935	2
1014	4390	6958	12
1014	4377	6826	6
1014	4377	6981	6
1014	4392	6884	5
1014	4401	6974	9
1014	4336	6952	9
1014	4336	6866	6
1014	4350	6934	8
1014	4424	6799	7
1014	4394	6972	9
1014	4339	6817	6
1014	4461	7029	5
1014	4382	6851	7
1014	4336	6910	6
1014	4404	6846	5
1014	4395	6836	5
1014	4306	6849	4
1014	4421	6742	5
1014	4474	6853	6
1014	4428	6701	4
1014	4318	6792	7
1014	4410	6760	8
1014	4332	6783	2
1014	4217	6800	7
1014	4342	7001	5
1014	4494	6860	6
1014	4446	6854	5
1014	4370	6879	6
1014	4428	6945	3
1014	4405	6862	7
1014	4373	6565	6
1014	4495	6953	4
1014	4258	6925	13
1014	4294	6881	8
1014	4344	6865	10
1014	4298	6883	8
1014	4434	6943	6
1014	4360	6779	9
1014	4574	6999	7
1014	4409	6776	6
1014	4416	7015	6
1014	4406	6689	7
1014	4333	6855	7
1014	4348	7061	2
1014	4350	6845	10
1014	4240	7026	8
1014	4368	6842	4
1014	4419	6905	11
1014	4361	6867	7
1014	4454	6856	9
1014	4316	6807	7
1014	4470	6777	5
1014	4429	6811	6
1014	4392	6936	4
1014	4427	6918	5
1014	4339	6945	6
1014	4361	6985	11
1014	4275	6991	6
1014	4372	6890	7
1014	4404	6976	7
