# Acquisition time: 19.10.2017 17:00:54
# Timer interval: 1000 ms
# Measurement length: 100 s
# Add comment here
# Time [ms] Channel 1 Channel 2 Channel 3
1014	5370	8296	2
1014	5320	8443	1
1014	5469	8249	1
1014	5514	8293	2
1014	5334	7995	3
1014	5390	8267	2
1014	5456	8313	3
1014	5299	8248	3
1014	5258	8218	6
1014	5351	8477	1
1014	5429	8260	2
1014	5382	8195	3
1014	5320	8252	7
1014	5420	8296	3
1014	5346	8244	0
1014	5420	8246	5
1014	5413	8146	2
1014	5480	8224	3
1014	5276	8274	3
1014	5506	8194	3
1014	5510	8193	3
1014	5290	8400	2
1014	5369	8198	3
1014	5411	8104	0
1014	5391	8218	3
1014	5570	8257	4
1014	5462	8239	1
1014	5446	8226	2
1014	5375	8226	4
1014	5379	8234	3
1014	5310	8471	3
1014	5334	8225	3
1014	5437	8426	1
1015	5467	8289	5
1014	5498	8227	1
1014	5531	8334	2
1014	5509	8217	5
1014	5433	8216	2
1014	5390	8265	2
1014	5328	8356	1
1014	5297	8168	5
1014	5532	8208	2
1014	5325	8320	1
1014	5430	8333	1
1014	5334	8279	2
1014	5383	8090	6
1014	5291	8213	2
1014	5411	8233	2
1014	5456	8066	1
1014	5572	8249	2
1014	5424	8273	2
1014	5331	8349	7
1014	5401	8221	7
1014	5340	8047	2
1014	5325	8360	2
1014	5373	8197	1
1014	5340	8206	2
1014	5332	8211	3
1014	5434	8181	2
1014	5426	8412	3
1014	5313	7989	2
1014	5360	8216	2
1014	5455	8153	5
1014	5251	8096	4
1014	5359	8084	3
1014	5372	8304	2
1014	5284	8075	2
1014	5333	8194	3
1014	5333	8067	1
1014	5418	8268	1
1014	5463	8250	1
1014	5530	8033	0
1014	5446	8118	1
1014	5384	8264	1
1014	5476	8201	1
1014	5442	8356	2
1014	5386	8341	4
1014	5451	8312	0
1014	5413	8328	2
1014	5373	8304	3
1014	5412	8212	0
1014	5530	8122	1
1014	5271	8267	0
1014	5405	8291	0
1014	5412	8137	2
1014	5441	8249	7
1014	5391	8172	4
1014	5463	8111	3
1014	5359	8203	0
1014	5307	8401	2
1014	5332	8270	2
1014	5403	8221	4
1014	5348	8162	1
1014	5593	8351	4
1014	5422	8205	1
1014	5349	8266	0
1014	5360	8155	3
1014	5293	8261	3
1014	5437	8262	3
1014	5323	8221	3
