# Acquisition time: 19.10.2017 17:25:49
# Timer interval: 1000 ms
# Measurement length: 100 s
# Add comment here
# Time [ms] Channel 1 Channel 2 Channel 3
1014	5352	8390	8
1014	5366	8391	6
1014	5504	8503	9
1014	5457	8205	9
1014	5385	8419	10
1014	5354	8469	8
1014	5532	8269	10
1014	5512	8303	10
1014	5259	8463	10
1014	5313	8459	7
1014	5295	8398	9
1014	5561	8433	12
1014	5408	8317	11
1014	5511	8362	5
1014	5527	8319	8
1014	5304	8507	14
1014	5482	8432	9
1014	5269	8524	7
1014	5385	8396	8
1014	5454	8485	10
1014	5541	8338	5
1014	5361	8380	16
1014	5416	8557	5
1014	5477	8499	5
1014	5301	8451	5
1014	5387	8375	3
1014	5432	8266	8
1014	5473	8228	11
1014	5356	8148	5
1014	5413	8478	7
1014	5410	8362	12
1014	5545	8407	5
1014	5338	8387	8
1014	5381	8271	5
1014	5458	8289	11
1014	5530	8622	1
1014	5486	8303	7
1014	5410	8521	5
1014	5472	8415	11
1014	5475	8338	12
1014	5615	8518	8
1014	5336	8397	6
1014	5555	8541	7
1014	5440	8394	15
1014	5401	8364	6
1014	5530	8522	11
1014	5436	8304	6
1014	5454	8412	6
1014	5423	8381	7
1014	5468	8574	9
1014	5502	8374	9
1014	5265	8450	7
1014	5504	8251	9
1014	5435	8345	9
1014	5352	8528	15
1014	5384	8332	11
1014	5361	8306	9
1014	5551	8473	11
1014	5327	8466	8
1014	5473	8354	14
1014	5252	8330	5
1014	5440	8514	8
1014	5482	8482	9
1014	5339	8316	14
1014	5435	8400	10
1014	5371	8583	6
1014	5474	8410	4
1014	5435	8384	4
1014	5434	8381	4
1014	5356	8426	10
1014	5511	8593	5
1014	5434	8318	4
1014	5401	8271	8
1014	5334	8342	4
1014	5454	8359	12
1014	5451	8344	3
1014	5464	8417	7
1014	5382	8450	8
1014	5419	8425	10
1014	5342	8501	8
1014	5550	8285	12
1014	5372	8448	9
1014	5264	8452	9
1014	5445	8293	12
1014	5442	8525	9
1014	5412	8549	8
1014	5562	8212	7
1014	5420	8328	4
1014	5390	8395	4
1014	5406	8482	15
1014	5456	8272	5
1014	5467	8380	10
1014	5405	8232	6
1014	5411	8426	11
1014	5525	8435	7
1014	5429	8434	13
1014	5517	8288	11
1014	5479	8413	12
1014	5516	8332	7
1014	5535	8394	15
