# Acquisition time: 19.10.2017 17:17:50
# Timer interval: 1000 ms
# Measurement length: 100 s
# Add comment here
# Time [ms] Channel 1 Channel 2 Channel 3
1014	4297	7666	2
1014	4364	7700	1
1014	4394	7555	4
1014	4428	7686	2
1014	4339	7708	3
1014	4331	7638	6
1014	4434	7717	3
1014	4308	7728	5
1014	4365	7690	1
1014	4375	7789	3
1014	4375	7616	4
1014	4325	7691	2
1014	4463	7827	4
1014	4330	7825	4
1014	4479	7571	1
1014	4319	7713	1
1014	4344	7629	1
1014	4355	7735	2
1014	4316	7594	3
1014	4372	7663	1
1014	4389	7671	4
1014	4314	7688	1
1014	4394	7619	4
1014	4308	7712	1
1014	4328	7903	2
1014	4389	7720	4
1014	4468	7588	3
1014	4372	7794	6
1014	4248	7665	4
1014	4369	7636	0
1014	4430	7592	4
1014	4388	7736	2
1014	4363	7598	2
1014	4485	7672	1
1014	4269	7769	2
1014	4409	7777	0
1014	4415	7771	2
1014	4371	7607	2
1014	4319	7641	0
1014	4306	7588	1
1014	4365	7707	3
1014	4339	7799	3
1014	4297	7755	0
1014	4313	7612	3
1014	4378	7715	4
1014	4401	7719	2
1014	4252	7700	4
1014	4353	7752	2
1014	4238	7700	1
1014	4400	7789	2
1014	4362	7703	2
1014	4311	7781	2
1014	4372	7864	4
1014	4368	7723	1
1014	4362	7681	1
1014	4291	7683	2
1014	4312	7686	2
1014	4422	7917	4
1014	4450	7775	3
1014	4424	7727	2
1014	4279	7741	4
1014	4477	7775	2
1014	4328	7579	4
1014	4339	7911	2
1014	4344	7693	3
1014	4311	7628	1
1014	4465	7777	0
1014	4377	7601	2
1014	4389	7751	1
1014	4397	7620	1
1014	4463	7684	2
1014	4355	7745	3
1014	4364	7621	5
1014	4420	7715	4
1014	4438	7785	6
1014	4402	7450	0
1014	4376	7697	2
1014	4405	7677	2
1014	4295	7819	1
1015	4443	7697	5
1014	4337	7855	2
1014	4420	7690	0
1014	4303	7811	1
1014	4393	7756	4
1014	4415	7689	2
1014	4310	7798	3
1014	4337	7587	1
1014	4386	7669	2
1014	4379	7628	3
1014	4390	7709	3
1014	4469	7591	0
1014	4376	7768	2
1014	4248	7731	5
1014	4291	7772	3
1014	4363	7537	0
1014	4361	7610	1
1014	4304	7677	4
1014	4429	7650	5
1014	4318	7756	1
1014	4293	7827	2
