# Acquisition time: 19.10.2017 17:06:54
# Timer interval: 1000 ms
# Measurement length: 100 s
# Add comment here
# Time [ms] Channel 1 Channel 2 Channel 3
1014	5357	7567	20
1014	5404	7578	12
1014	5539	7703	14
1014	5285	7585	15
1014	5469	7449	11
1014	5505	7549	14
1014	5410	7670	10
1014	5429	7620	16
1014	5414	7585	11
1014	5426	7692	10
1014	5465	7558	14
1014	5431	7789	19
1014	5376	7849	13
1014	5456	7663	16
1014	5373	7557	17
1014	5498	7635	14
1014	5352	7763	25
1014	5418	7615	14
1014	5539	7766	6
1014	5349	7729	14
1014	5490	7766	11
1014	5480	7800	9
1014	5323	7819	15
1014	5557	7554	10
1014	5475	7663	15
1014	5509	7677	18
1014	5364	7721	12
1014	5591	7789	20
1014	5485	7696	12
1014	5495	7539	15
1014	5441	7491	13
1014	5409	7797	16
1014	5453	7775	17
1014	5503	7693	17
1014	5428	7590	12
1014	5394	7704	9
1014	5410	7811	10
1014	5507	7522	10
1014	5485	7668	21
1014	5458	7742	17
1014	5538	7617	14
1014	5340	7492	15
1014	5300	7695	8
1014	5390	7565	17
1014	5570	7620	13
1014	5418	7808	8
1014	5613	7674	15
1014	5517	7691	17
1014	5460	7601	19
1014	5399	7605	11
1014	5523	7559	20
1014	5528	7649	15
1014	5393	7649	8
1014	5353	7454	17
1014	5413	7807	17
1015	5346	7637	13
1014	5448	7647	18
1014	5445	7534	14
1014	5368	7622	19
1014	5392	7796	15
1014	5315	7627	10
1014	5389	7500	14
1014	5448	7521	12
1014	5317	7644	15
1014	5338	7491	17
1014	5270	7597	10
1014	5345	7553	16
1014	5460	7561	13
1014	5324	7537	22
1014	5467	7545	11
1014	5335	7593	13
1014	5427	7461	10
1014	5401	7657	16
1014	5444	7646	13
1014	5312	7879	6
1014	5133	7604	13
1014	5230	7800	17
1014	5449	7639	15
1014	5355	7646	4
1014	5330	7732	9
1014	5561	7724	13
1014	5329	7597	18
1014	5429	7465	8
1014	5319	7567	10
1014	5385	7657	13
1014	5387	7546	16
1014	5468	7540	14
1014	5389	7822	15
1014	5378	7570	9
1014	5328	7485	8
1014	5476	7706	15
1014	5479	7661	10
1014	5371	7776	17
1014	5554	7600	22
1014	5401	7778	12
1014	5400	7731	10
1014	5470	7750	9
1014	5397	7691	8
1014	5234	7703	10
1014	5450	7667	12
