# Acquisition time: 19.10.2017 16:49:11
# Timer interval: 1000 ms
# Measurement length: 100 s
# Add comment here
# Time [ms] Channel 1 Channel 2 Channel 3
1014	6408	8155	3
1014	6414	8412	7
1014	6298	8229	3
1014	6409	8271	1
1014	6224	8114	2
1014	6374	8254	4
1014	6308	8152	0
1014	6462	8168	3
1014	6450	8217	4
1014	6301	8113	1
1014	6249	8272	3
1014	6491	8404	2
1014	6359	8018	6
1014	6285	8253	3
1014	6351	8182	3
1014	6257	8288	3
1014	6349	8194	3
1014	6395	8193	2
1014	6340	8213	5
1014	6428	8064	2
1014	6257	8288	1
1014	6323	8376	5
1014	6456	8231	7
1014	6374	8087	7
1014	6371	8100	2
1014	6323	8143	2
1014	6341	8181	2
1014	6348	8174	4
1014	6443	8097	1
1014	6421	8395	1
1014	6367	8299	1
1014	6406	8171	1
1015	6251	8429	2
1014	6466	8292	3
1014	6444	8205	6
1014	6327	8118	2
1014	6221	8254	6
1014	6431	8302	1
1014	6482	8342	4
1014	6407	8262	3
1014	6434	8266	6
1014	6316	8261	1
1014	6489	8230	3
1014	6437	8213	0
1014	6481	8308	4
1014	6387	8021	2
1014	6474	8370	2
1014	6435	8145	6
1014	6415	8237	4
1014	6409	8306	3
1014	6332	8343	4
1014	6305	8112	1
1014	6427	8244	3
1014	6356	8180	3
1014	6402	8251	5
1014	6391	8116	3
1014	6225	8165	4
1014	6440	8140	3
1014	6358	8221	2
1014	6321	8409	4
1014	6479	8317	3
1014	6392	8293	1
1014	6272	8290	6
1014	6364	8269	5
1014	6291	8034	1
1014	6455	8418	3
1014	6335	8273	4
1014	6439	8376	5
1014	6499	8333	4
1014	6479	8279	2
1014	6315	8347	4
1014	6542	8391	3
1014	6532	8260	4
1014	6369	8220	6
1014	6425	8422	3
1014	6522	8406	2
1014	6400	8276	4
1014	6298	8281	6
1014	6424	8358	3
1014	6206	8334	2
1014	6351	8338	2
1014	6320	8247	3
1014	6419	8357	2
1014	6391	8399	2
1014	6570	8079	3
1014	6375	8377	6
1014	6446	8441	6
1014	6356	8374	5
1014	6443	8403	1
1014	6584	8235	3
1014	6486	8284	1
1014	6446	8273	3
1014	6458	8341	2
1014	6438	8343	3
1014	6441	8402	2
1014	6527	8353	2
1014	6544	8127	5
1014	6293	8495	1
1014	6338	8294	3
1014	6488	8391	4
