# Acquisition time: 19.10.2017 16:57:42
# Timer interval: 1000 ms
# Measurement length: 100 s
# Add comment here
# Time [ms] Channel 1 Channel 2 Channel 3
1014	6467	6619	6
1014	6366	6747	3
1014	6249	6629	3
1014	6469	7051	2
1014	6496	6898	2
1014	6506	6791	2
1014	6478	6697	1
1014	6585	6866	1
1014	6555	6740	1
1014	6443	6744	1
1014	6430	6818	0
1014	6325	7029	3
1014	6466	6987	3
1014	6720	6935	4
1014	6401	6821	4
1014	6413	6911	2
1014	6478	6870	4
1014	6490	6892	4
1014	6513	6832	1
1014	6567	6831	3
1014	6544	6749	4
1014	6522	6836	1
1014	6525	6943	2
1014	6561	6794	3
1014	6547	6779	3
1014	6538	6816	2
1014	6452	6803	3
1014	6451	6907	3
1014	6510	7028	2
1014	6494	7051	3
1014	6618	6907	5
1014	6535	7040	1
1014	6523	6764	6
1014	6397	6807	2
1014	6495	6810	5
1014	6355	6936	5
1014	6340	6828	1
1014	6644	7018	1
1014	6353	6812	2
1014	6502	6703	6
1014	6433	6918	4
1014	6521	6686	2
1014	6412	6819	5
1014	6368	6809	5
1014	6523	6982	3
1014	6479	6920	0
1014	6365	6905	3
1014	6428	6871	1
1014	6511	6898	2
1014	6466	6844	6
1014	6357	6833	1
1014	6442	6937	6
1014	6569	6825	5
1014	6355	6729	2
1014	6516	6785	4
1014	6313	6750	4
1014	6407	6864	1
1014	6423	6648	1
1014	6466	6800	4
1014	6441	6802	5
1014	6462	6841	0
1014	6628	6794	3
1014	6509	6982	3
1014	6340	6821	2
1014	6475	6747	3
1014	6399	6774	4
1014	6509	6754	3
1014	6570	6733	0
1015	6580	6939	5
1014	6679	6844	3
1014	6409	6834	1
1014	6464	6749	4
1014	6315	6704	4
1014	6488	6811	3
1014	6625	6647	1
1014	6478	6889	2
1014	6566	6710	2
1014	6347	6851	3
1014	6439	6793	3
1014	6397	6772	5
1014	6356	6870	1
1014	6326	6701	1
1014	6597	6760	3
1014	6427	6603	0
1014	6523	6830	5
1014	6390	6796	2
1014	6342	6832	3
1014	6474	6941	3
1014	6341	6743	1
1014	6481	6860	3
1014	6477	6709	2
1014	6386	6830	3
1014	6495	6945	2
1014	6427	6737	3
1014	6362	6622	1
1014	6444	6791	2
1014	6543	6982	1
1014	6484	6743	3
1014	6572	6786	0
1014	6473	6777	1
