# Acquisition time: 19.10.2017 17:09:15
# Timer interval: 1000 ms
# Measurement length: 100 s
# Add comment here
# Time [ms] Channel 1 Channel 2 Channel 3
1014	5305	6906	8
1014	5430	6974	8
1014	5273	6812	6
1014	5345	6852	5
1014	5519	6992	7
1014	5409	6967	5
1014	5528	6998	4
1014	5503	6725	7
1014	5428	6724	9
1014	5353	6843	3
1014	5390	6812	6
1014	5357	6951	7
1014	5318	6811	8
1014	5402	6889	12
1014	5311	6809	6
1014	5526	6918	13
1014	5442	6855	5
1014	5490	6679	5
1014	5329	6691	4
1014	5362	6779	6
1014	5476	6782	7
1014	5351	6937	4
1014	5397	6797	9
1014	5450	6881	2
1014	5435	6665	9
1014	5284	6917	2
1014	5386	6841	11
1014	5494	6917	3
1014	5320	6728	7
1014	5487	6905	8
1014	5480	6825	8
1014	5481	6879	8
1014	5402	6911	10
1014	5515	6876	8
1014	5492	6638	7
1014	5438	6775	9
1014	5462	6734	6
1014	5359	6724	6
1014	5350	6768	6
1014	5495	6847	6
1014	5412	6756	7
1014	5386	6849	8
1014	5358	6934	4
1014	5351	6864	13
1014	5415	6869	11
1014	5357	6888	8
1014	5407	6835	8
1014	5481	6841	5
1014	5335	6881	5
1014	5408	6905	10
1014	5440	6760	7
1014	5371	6912	6
1014	5443	6972	10
1014	5422	6859	11
1014	5446	7078	2
1014	5413	6978	5
1014	5460	6943	4
1014	5285	6895	3
1014	5376	6931	12
1014	5451	6830	5
1014	5419	6838	8
1014	5465	6764	8
1014	5617	6871	12
1014	5401	6892	6
1014	5398	6805	10
1014	5456	6772	9
1014	5316	7047	5
1014	5507	6909	5
1014	5314	6782	6
1014	5485	6747	7
1014	5435	6812	3
1014	5413	6744	4
1014	5358	6954	8
1014	5437	6653	8
1014	5399	6881	7
1014	5484	7017	6
1014	5477	6952	10
1014	5496	6915	5
1014	5552	7117	11
1014	5566	6936	11
1014	5340	6883	6
1014	5542	6733	5
1014	5296	6746	13
1014	5546	6945	2
1014	5450	6863	12
1014	5479	6835	18
1014	5350	6964	10
1014	5354	6829	6
1014	5445	6899	12
1014	5491	7038	12
1014	5253	6975	8
1014	5512	6929	13
1014	5350	6850	6
1014	5327	6773	11
1014	5371	6958	6
1014	5506	6923	7
1014	5354	6799	9
1014	5520	6870	4
1014	5392	6748	5
1014	5446	6898	7
