# Acquisition time: 19.10.2017 17:03:53
# Timer interval: 1000 ms
# Measurement length: 100 s
# Add comment here
# Time [ms] Channel 1 Channel 2 Channel 3
1014	5290	7626	2
1014	5317	7506	2
1014	5384	7617	7
1014	5591	7592	4
1014	5438	7497	3
1014	5345	7460	6
1014	5424	7584	9
1014	5438	7670	7
1014	5411	7459	5
1014	5373	7594	4
1014	5382	7357	11
1014	5439	7359	6
1014	5402	7434	6
1014	5404	7487	3
1014	5384	7546	5
1014	5470	7428	5
1014	5386	7429	4
1014	5458	7435	4
1014	5469	7632	3
1014	5342	7422	3
1014	5412	7566	5
1014	5375	7474	3
1014	5505	7412	6
1014	5409	7438	6
1014	5431	7334	4
1014	5466	7552	4
1014	5427	7398	4
1014	5364	7538	1
1014	5309	7508	5
1014	5490	7535	11
1014	5429	7532	4
1014	5396	7349	9
1014	5354	7567	5
1014	5426	7639	5
1014	5522	7456	3
1014	5411	7590	11
1014	5354	7696	8
1014	5683	7610	3
1014	5416	7408	5
1014	5312	7564	4
1014	5441	7585	8
1014	5433	7516	4
1014	5432	7478	4
1014	5429	7553	3
1014	5321	7691	5
1014	5277	7426	2
1014	5513	7556	8
1014	5459	7522	7
1014	5445	7460	6
1014	5301	7479	12
1014	5307	7450	8
1014	5439	7500	8
1014	5342	7535	4
1014	5234	7609	5
1014	5257	7433	1
1014	5476	7437	4
1014	5355	7365	4
1014	5349	7463	7
1014	5384	7418	4
1014	5467	7513	7
1014	5432	7463	5
1014	5401	7515	4
1014	5393	7474	11
1014	5243	7570	2
1014	5399	7364	6
1014	5367	7623	6
1014	5371	7567	5
1014	5493	7601	7
1014	5530	7547	6
1014	5438	7580	5
1014	5495	7479	9
1014	5294	7536	10
1014	5403	7499	6
1014	5420	7527	5
1014	5429	7487	4
1014	5326	7439	1
1014	5414	7526	2
1014	5360	7492	4
1014	5463	7628	8
1014	5505	7630	3
1014	5365	7620	8
1014	5458	7541	6
1014	5396	7605	5
1014	5534	7452	7
1014	5526	7533	5
1014	5428	7589	4
1014	5365	7505	9
1014	5466	7434	3
1014	5415	7350	1
1014	5399	7330	7
1014	5303	7439	7
1014	5409	7370	6
1014	5511	7440	1
1014	5380	7398	8
1014	5404	7358	7
1014	5425	7456	5
1014	5483	7531	6
1014	5364	7483	10
1014	5472	7590	4
1014	5407	7452	10
