# Acquisition time: 19.10.2017 17:23:18
# Timer interval: 1000 ms
# Measurement length: 100 s
# Add comment here
# Time [ms] Channel 1 Channel 2 Channel 3
1014	5331	7663	6
1014	5483	7523	15
1014	5368	7432	13
1014	5457	7497	12
1014	5373	7616	15
1014	5426	7582	11
1014	5547	7355	17
1014	5249	7509	13
1014	5451	7520	16
1014	5385	7505	7
1014	5344	7568	13
1014	5309	7562	12
1014	5380	7673	19
1014	5484	7688	13
1014	5490	7507	10
1014	5338	7627	11
1014	5344	7502	10
1014	5336	7533	12
1014	5331	7615	16
1014	5376	7531	13
1014	5515	7528	21
1014	5507	7578	11
1014	5471	7420	9
1014	5319	7552	8
1014	5365	7633	19
1014	5494	7518	10
1014	5444	7569	10
1014	5456	7638	12
1014	5500	7571	20
1014	5371	7651	9
1014	5438	7549	11
1014	5591	7579	15
1014	5279	7675	12
1014	5398	7711	7
1014	5375	7449	13
1014	5383	7437	8
1014	5321	7370	14
1014	5416	7468	10
1014	5393	7637	11
1014	5421	7774	12
1014	5436	7487	14
1014	5448	7665	16
1014	5484	7670	12
1014	5450	7492	9
1014	5318	7556	14
1014	5421	7579	16
1014	5460	7635	25
1014	5497	7475	11
1014	5450	7677	12
1014	5428	7686	19
1014	5395	7505	9
1014	5325	7555	12
1014	5300	7696	8
1014	5389	7604	10
1014	5340	7598	11
1014	5574	7594	14
1014	5390	7545	10
1014	5241	7500	15
1014	5435	7578	12
1014	5511	7487	16
1014	5522	7703	9
1014	5544	7615	11
1014	5423	7623	15
1014	5484	7437	11
1014	5379	7598	14
1014	5545	7538	7
1014	5410	7562	17
1014	5428	7494	12
1014	5365	7551	17
1014	5423	7584	13
1014	5468	7501	20
1014	5418	7662	6
1014	5448	7541	13
1014	5424	7531	15
1014	5551	7587	15
1014	5482	7491	21
1014	5526	7522	17
1014	5362	7627	12
1014	5337	7446	16
1014	5329	7520	9
1014	5314	7617	19
1014	5548	7545	11
1014	5418	7669	16
1014	5325	7548	13
1014	5401	7443	10
1014	5481	7647	19
1014	5437	7551	14
1014	5477	7622	10
1014	5378	7541	7
1014	5415	7568	18
1014	5535	7520	6
1014	5376	7482	17
1014	5430	7492	15
1014	5243	7437	14
1014	5406	7471	16
1014	5494	7420	13
1014	5360	7475	18
1014	5541	7666	15
1014	5479	7446	12
1014	5438	7343	11
