# Acquisition time: 19.10.2017 16:55:03
# Timer interval: 1000 ms
# Measurement length: 100 s
# Add comment here
# Time [ms] Channel 1 Channel 2 Channel 3
1014	6479	7705	19
1014	6387	7596	15
1014	6411	7668	11
1014	6525	7599	13
1014	6482	7692	15
1014	6527	7610	22
1014	6501	7530	20
1014	6510	7546	19
1014	6479	7445	14
1014	6449	7578	21
1014	6416	7685	20
1015	6377	7593	19
1014	6504	7686	21
1014	6310	7575	13
1014	6453	7765	16
1014	6461	7615	19
1014	6383	7647	18
1014	6505	7670	9
1014	6443	7711	13
1014	6518	7590	18
1014	6449	7803	13
1014	6465	7718	16
1014	6297	7754	14
1014	6442	7551	14
1014	6495	7662	18
1014	6421	7595	19
1014	6308	7509	20
1014	6310	7666	13
1014	6362	7689	14
1014	6367	7617	15
1014	6594	7780	14
1014	6390	7769	17
1014	6347	7780	14
1014	6345	7538	18
1014	6395	7542	18
1014	6334	7715	13
1014	6441	7800	17
1014	6413	7552	19
1014	6440	7660	13
1014	6363	7540	14
1014	6480	7751	12
1014	6563	7616	15
1014	6431	7666	20
1014	6396	7559	18
1014	6411	7567	14
1014	6477	7820	14
1014	6483	7642	23
1014	6514	7651	17
1014	6359	7485	18
1014	6538	7630	16
1014	6482	7741	18
1014	6358	7514	16
1014	6464	7639	22
1014	6324	7781	14
1014	6507	7480	13
1014	6361	7559	25
1014	6312	7508	13
1014	6413	7664	13
1014	6475	7680	21
1014	6353	7653	20
1014	6388	7709	12
1014	6390	7714	15
1014	6325	7588	14
1014	6430	7732	24
1014	6439	7648	25
1014	6416	7725	16
1014	6352	7647	14
1014	6512	7563	22
1014	6414	7662	11
1014	6348	7714	7
1014	6394	7703	21
1014	6464	7589	12
1014	6476	7595	14
1014	6401	7583	20
1014	6407	7578	13
1014	6415	7691	17
1014	6460	7632	18
1014	6458	7736	15
1014	6528	7657	18
1014	6431	7624	18
1014	6394	7602	13
1014	6490	7667	19
1014	6490	7680	24
1014	6498	7717	14
1014	6470	7535	19
1014	6443	7633	17
1014	6413	7676	12
1014	6416	7633	14
1014	6562	7674	15
1014	6482	7518	21
1014	6431	7675	23
1014	6345	7704	23
1014	6456	7598	25
1014	6639	7651	16
1014	6367	7603	17
1014	6435	7726	15
1014	6377	7674	9
1014	6545	7730	13
1014	6360	7609	16
1014	6585	7644	18
