# Acquisition time: 19.10.2017 17:30:33
# Timer interval: 1000 ms
# Measurement length: 100 s
# Add comment here
# Time [ms] Channel 1 Channel 2 Channel 3
1014	5468	7028	1
1014	5421	7006	3
1014	5374	6889	0
1014	5383	7071	4
1014	5431	7029	0
1014	5482	7079	3
1014	5394	6953	1
1014	5560	7112	2
1014	5426	6881	4
1014	5485	7022	0
1014	5523	6885	3
1014	5555	7013	3
1014	5443	7072	1
1014	5381	7069	1
1014	5430	7032	1
1014	5435	6954	0
1014	5371	6974	0
1014	5402	6967	0
1014	5442	6946	0
1014	5444	7006	2
1014	5484	6972	4
1014	5435	7032	0
1014	5464	7076	1
1014	5434	7022	2
1014	5581	7083	1
1014	5533	6949	0
1014	5371	6962	0
1014	5495	6942	1
1014	5442	7053	3
1014	5374	7024	4
1014	5448	7053	1
1014	5278	7031	0
1014	5517	7143	1
1014	5434	7084	4
1014	5328	7011	1
1014	5453	7016	0
1014	5381	6933	0
1014	5279	7177	2
1014	5279	7004	0
1014	5455	6830	0
1014	5474	7026	2
1014	5492	7009	0
1014	5366	7066	0
1014	5404	6780	0
1014	5367	6824	1
1014	5374	7173	0
1014	5516	6881	2
1014	5384	6901	1
1014	5348	6960	2
1014	5450	6962	1
1014	5495	6974	0
1014	5416	6993	3
1014	5418	7016	1
1014	5384	6984	1
1014	5485	7049	0
1014	5398	6960	1
1014	5448	6996	0
1014	5355	6964	1
1014	5432	6846	1
1014	5363	6889	1
1014	5510	6859	0
1014	5559	6875	2
1014	5469	7120	1
1014	5380	6904	0
1014	5496	6922	0
1014	5361	7017	0
1014	5474	6854	0
1014	5395	6983	0
1014	5376	6873	0
1014	5438	6932	2
1014	5451	6908	0
1014	5391	6971	2
1014	5485	6960	1
1014	5417	6808	1
1014	5537	6818	0
1014	5586	7040	2
1014	5341	6951	1
1014	5299	6974	2
1014	5542	6808	0
1014	5397	6823	1
1014	5456	6923	1
1014	5528	6981	0
1014	5576	6838	2
1014	5541	7128	2
1014	5280	6871	0
1014	5426	6947	2
1014	5376	7089	0
1014	5578	6910	1
1014	5485	6797	0
1014	5352	6730	1
1014	5476	6956	1
1014	5468	6950	0
1015	5502	7009	0
1014	5531	6829	2
1014	5538	7034	4
1014	5469	7099	2
1014	5505	6833	2
1014	5395	6944	2
1014	5524	6998	0
1014	5494	6933	0
